0.02001667022705078
0.02098679542541504
0.01800084114074707
0.016995668411254883
0.01999974250793457
0.018000125885009766
0.01900315284729004
0.019998788833618164
0.02001643180847168
0.01598191261291504
0.0180208683013916
0.018988609313964844
0.019997835159301758
0.017026185989379883
0.01800060272216797
0.01902008056640625
0.020975828170776367
0.01699995994567871
0.02100658416748047
0.017994403839111328
0.016999006271362305
0.019011497497558594
0.020001888275146484
0.018988609313964844
0.0189974308013916
0.020001649856567383
0.021006107330322266
0.018017292022705078
0.020975828170776367
0.01703619956970215
0.01896381378173828
0.018000364303588867
0.021999835968017578
0.048003435134887695
0.04399728775024414
0.03699922561645508
0.02600407600402832
0.023999929428100586
0.022996902465820312
0.02500009536743164
0.023003816604614258
0.02400493621826172
0.021003246307373047
0.02100849151611328
